A_ID (user getting reply) , B_ID (user that is replying)
807095,73452506
621533,2147604445
209584092,888042960549552129
1066744429854236672,2748061373
722242009,872158753008877569
8197942,2412223020
767788995962998784,3657013654
1246440482760085504,182663887
21722318,250691621
380268462,1317220261050056704
1006419421244678144,19030484
19533512,354431372
935810185859338240,20304668
21884579,819019776844513280
1369319255083257861,1505993402
1368633664423268358,1239895217693691905
27493883,3002029764
1539378523,3398432139
69080476,2272185878
1652541,1388928926869753857
1098294927774048256,149106359
94350709,29447428
29447428,728273994
612441328,1132791264242307073
76721925,1387010761994682371
810603440984494080,1304036484920606720
1428722963898159111,866958995784970241
259506084,3018860447
259506084,20944311
29447428,1387314750883831810
80784806,211880211
798953701972938752,102162577
54656439,861738869045297153
3277891994,1214297100214620160
1367361786039648257,3143750061
129063594,1471315918462459908
1031462358000889856,31565500
15745368,881248503514714112
45010849,2798807857
29447428,1433489836162396166
159438315,1662047773
29447428,1247295628780208132
1095523459877068800,194617157
1244310077349269504,390770221
942156122,26775504
3602064317,880008290
8197942,1552409378
2880610310,1277735065737326592
237141734,994415530651009024
949892499878719488,1217939176701616128
52211840,1401861298233647106
1220843046125940736,1169989273468190728
1108565574,164178673
233343317,1597060776
1238370241169616897,403796945
126628908,336656405
93568965,1132460072775249926
760219193195302912,21489341
1096205507348623360,893479800
1471315362088169480,1219745366960230400
18753424,1686874152
68128023,238856888
799911790398373888,1077703279218282497
799911790398373888,79688044
1420492295284080642,1189870353172123648
3453306553,1573800344
19241864,29447428
1094095877302611969,1387010761994682371
43425975,98429846
155483848,119363458
154435010,218491913
139109800,301352485
6315402,301352485
6315402,301352485
209851082,1434806401
139109800,301352485
977204844,50189290
153517357,1254077828481630208
88387950,216507928
1253930331901583360,216507928
1253930331901583360,46074537
70435999,1239004332206546949
3453306553,1573800344
1087380412089987077,825765275853344773
1266474230,1394086635994681345
343679171,1081307250
2836421,775036051773587458
1330585435,804582780298412032
217418435,1183485474880360448
88387950,1370681318007209988
3453306553,1573800344
225779417,4196505444
2876774827,14817102
1015196564690743296,871676753919578112
167281867,1451164772934696968
1720530361,110893874
197501338,24881664
12848262,24881664
259395895,67568430
1009892540114403328,966724209773858826
1424033022,1010320666648645632
961299362,415898636
856010760,4880781801
738786290313920513,749005051180355584
449422338,1001228776032763905
402285996,804582780298412032
39416218,1437276203312984070
89297892,1120819174476062722
926164634570067968,1113956399833333761
18580938,1283952596877807618
829032434222166017,1969346438
1404291198,59019518
1404291198,3029686011
3380282686,779091626727763968
926164634570067968,73659965
16012783,1333774146807980033
745824471689244672,32424767
53963427,540223123
296553576,2809579420
296553576,2887391470
34116377,1054893957652434944
1429437000,55770035
254515782,1382912376597479427
270132611,31493863
784575415457308672,1129107453474267136
3246790436,553990226
69231656,1239066462356008960
44820390,1401861298233647106
1212247565850177536,1401861298233647106
3453306553,1401861298233647106
1238949674989416449,2886781622
110453483,547838573
1180036365062459392,111313891
803694179079458816,28817015
178580925,106123038
178580925,875495754537861121
178580925,1374439409047674888
1207273044756041729,1089419890325360641
178580925,897180245006180352
242827267,3300838824
32871086,262472211
3288075858,124385632
700382651501277184,523843082
1366968686301433860,404726267
307755781,202884181
2385475135,17695133
3277827936,480306928
58974496,32366648
793202009281273857,1467443898977030146
2245797112,965935355492032514
723148184013279234,2608740770
723148184013279234,304938928
32871086,897515348085190656
1243560408025198593,889348599837933568
1243560408025198593,345365317
4823944600,1280885680831332353
931532198,4039345572
214558299,3731897535
276688330,1296279134079823872
255369151,1128224212349382656
1301903018850308099,973261711
1108565574,1369160185315430402
22954232,94350709
276688330,275104144
467726691,21407616
1096205507348623360,848180033688612864
1096205507348623360,322643459
1349803174316679176,451756372
1215467169623891968,1265172359020834817
16582131,204598799
1108565574,524939820
1230079133662605312,1111063253554069504
3223426134,2193135944
1431762585519595520,778976910
1345419030157529088,1251801300745977856
1417873927733403650,169487547
65357102,91556413
3193073724,35586763
3246790436,3336352766
246178914,2921282954
102707504,729795376438464512
55113432,1098333864420765696
1259161086,1151025570341220352
29447428,36066931
52400775,1341047951486009347
29447428,728273994
56657187,32576902
1117704370630455296,267498657
1271084812296761344,1341047951486009347
30844417,976948534053343233
4292519659,977204844
133010823,1169989273468190728
769928202424684544,981436419087523840
1196590977932091392,3246790436
18831926,19617541
19017675,726070073081868289
1278236816936710144,29447428
11801292,382856144
467726691,4541535439
95091601,828605443400282113
39416218,1471506869717897223
16582131,370726302
21525682,997519418492993537
1108565574,90107770
2467791,1376709819613253633
45010849,852389079975165953
3140730672,1217939176701616128
976948534053343233,1639763630
780546876391067648,18488140
19604599,1387836231937970186
878284831,1344424632103956482
1394086635994681345,301352485
508132071,1428424784396783616
255812611,26262458
2227646515,2412307836
1579290116,426081006
252608121,1259818577785307137
879810242153914368,16957407
879147821915615233,746746178260205569
488935510,21711199
879810242153914368,3227865816
35157660,1238819398271541251
1357131432804700160,41899582
3269171958,1075927117
91180720,950091704295706624
935116421977186304,1167150751426043904
1166244003773329408,1431358317423693827
34019598,503272829
14157134,985146235039506432
15728161,2193135944
86626845,1220034889879187456
14281853,1285594911803416583
220732461,793580816840425477
15227162,173672963
3288075858,90107770
221615955,1309762062
48624704,923839146077986821
48624704,1415515867857637380
48624704,962092001154940928
93419198,29447428
48624704,2412307836
3246790436,1307213540634230784
558319107,1285142677
17895820,199452338
1242887487313391616,1350494918612045833
1080844782,880819093976170498
19739126,1921951394
19739126,1921951394
1256595851859726337,997519418492993537
15801906,1352235653849870338
18831926,275104144
255812611,1438672537773395970
19084896,1307324263297413130
1094971056358637568,26973844
803694179079458816,1033084441697153024
848148994102611969,928269303761158145
15852801,4262438479
41438148,2264401871
1435272849128923140,736632572063719426
342863309,96648433
254515782,982538772540567552
159955958,1173501470345445376
95091601,1213060990822076416
229623135,940778288871542786
563615572,807271301283016704
2826798206,1340798360652046336
1235970884113850368,267498657
798953701972938752,493606253
798953701972938752,17290000
385162111,2219819197
118942188,60779696
840111948612042753,1284041137808969729
942156122,73537202
1203009388924944388,1063672498003181568
926164634570067968,738145794
926164634570067968,715617989656051712
96648433,110893874
3425014283,4197995774
465973,2295967047
1481993284587241480,3082546368
90646214,571141141
258124400,418566530
274120403,895814938995957760
529147678,426344026
810818800627175425,1136856346370822144
173672963,202884181
168952498,2401117104
72655429,29447428
1211081036328665088,56227000
41822696,1350494918612045833
19089339,309932421
2545160880,1401861298233647106
1028022611324747776,93476670
2299987059,797127398416326656
1237853058140213248,755642370604097536
135371497,439249630
21525682,997519418492993537
135371497,84174241
63942152,1314346745086709760
95463107,826226272418283520
1481868843522084864,1174639256863510530
95463107,2193135944
1481868843522084864,2394564265
5120691,837793226341875712
138451153,155930120
234694571,1363558112498749441
142332083,271075882
1073606435580325889,303324434
298410389,482770329
52136185,935886804028243969
34247411,1403349748153819145
29447428,23747507
1385103818661109767,1457388751886249987
14539104,19165893
1274015453086732288,110893874
139109800,39130254
39197185,895814938995957760
47991586,4900890843
48624704,17939958
568345906,406045135
121127090,1440605679203467266
21110041,901256460566487041
921411153426862084,21924899
168503417,45970216
873185490375233537,296152939
20751145,804582780298412032
198296897,836753078153965570
29447428,146243221
2319354435,832757977417400321
1240407498,1353872252823953408
15480566,1475640014675628041
1390730692208873480,259963995
29447428,121732143
269229726,1349169991724093440
707231479047315456,4480118843
4541535439,246667561
2926204339,761819600568717312
124003770,3258198301
548289031,817770953019183104
548289031,474336882
19739126,1921951394
15480566,866724171304194048
118245138,44335874
1114970489942753280,311314150
1108565574,800262170
15580900,382856144
256957128,21489341
1108565574,1448820035015770116
700637412,2475034094
2768501,1448820035015770116
371544244,531618878
3298944944,531618878
3453306553,90107770
2781906361,1226826354353508355
2768501,1686874152
1296949513366564864,1573800344
29297242,19617541
867211584,1451834814554902532
14836197,734853834300751872
68611923,745699859169165312
2692751172,1360035053464547335
1080844782,1921951394
1729333160,746746178260205569
1926075181,497349753
1439073985422110725,28652375
60606206,528775542
174151902,737585496
728273994,1278236816936710144
76596783,1278236816936710144
490002009,1351956895
1117704370630455296,813314931147816960
29447428,1474852997020758024
479724576,1181305388
57463142,22317663
1426911929319280644,1050196639816671233
463214687,1371591649013288960
56503668,459980306
63942152,79688044
57906313,1454726401328697353
938494109844729856,2264401871
3930472251,1247298726554521601
29447428,130065700
17477864,2856133189
25356462,430620548
3303457302,789203988533026818
3303457302,45591393
3303457302,380105755
580106431,20156605
260059352,360004006
10046442,19842272
3288075858,18366690
341106480,921243130262728704
1471037967926018051,1430989083740868608
1303661260022534145,813314931147816960
77041510,2982005283
198881547,267498657
130120037,78311949
412548718,1201995227285864449
1618718016,2330575099
985523859179925504,1225382429080391680
1001903494389944320,983973752
44523552,28454954
525673730,983722425039769600
878284831,17717593
1073606435580325889,875612784863531008
1099332883,2876041031
22187085,147649467
29769998,23452847
316546071,299273962
788560328640503808,710613226807885824
840502412842541056,3410204513
1351302423273472012,988943262982402048
2400284491,1676303954
840502412842541056,325087506
1403739122901127169,844647036179927040
4132825992,90107770
707231479047315456,4480118843
3832,246667561
1293757447111204864,1485745257178411009
1237314642583658496,252793413
3068796199,2943739141
1329615530509041665,940778288871542786
19793134,3827830753
12233422,2478381721
160206458,45762306
1298372735383605249,2229123357
173629507,1548253015
19739126,1033084441697153024
19739126,1033084441697153024
929823128259387392,42929895
21721506,119552781
766745056367644672,575922000
2264401871,1205439711545835520
572282251,2930308020
1372586612438179847,797566942991130625
1017517703014346753,419238022
19196895,1412433273729556490
1169278342543097856,607229707
832616065259614209,887925458
18831926,4917244678
18831926,17261279
2235731509,626258459
728273994,29447428
767788995962998784,1336527483135528960
728273994,29447428
20699709,62576309
1477862777796636679,26824556
3425014283,903961590093012993
29770862,3905542517
4118285112,1305795361336770560
1167020856079343616,1144763809225203712
1167020856079343616,720420236076277760
18812301,56768709
1098819491780153345,1290232189615894531
186279752,1141308715
4118285112,720420236076277760
216813918,1012157576
1179455215,1140575482854948864
1245561638087880705,108379891
1119872518494416897,1473123421282177024
1438555006077214724,1293228146603503616
15801906,16966104
2841826715,1114440226334703616
315187614,319619581
920339307533144065,925436774096261120
86010091,377706148
22448617,2151852128
328634628,1373572431277883394
977954172556361733,16503453
948169852547715072,135876077
141337990,17540376
2582963526,2943739141
140761770,128877911
52544275,1921951394
223841564,1336677975543193602
3453306553,90107770
848635910,1842010946
41218263,1208293000511574017
14247236,120797984
1299769218,19429280
86626845,480875170
1080584229510172678,1325992895334256642
63942152,446173045
32871086,356546958
3140730672,1401861298233647106
175989309,1039446506619596800
2608740770,1456071062672736260
554148367,356570650
1033826336,1309762062
967832482354810881,1476254469214158856
1312166469891813376,1133735345147797510
148529707,704031546395590656
22018221,235716417
3295811435,1359796402394714112
152656121,726070073081868289
249829650,3068541683
2227646515,1240937077258117120
2227646515,1362322526118969346
2355919591,1258474163464835072
2809959174,893479800
2809959174,1355511416720076804
2474409224,795138728218021889
3453306553,1573800344
1478229936972259328,1269894425414471681
967900364,731445438935646208
14157134,1070779320916996097
16134235,166073550
14281853,20451595
80040960,1387010761994682371
1314996438,1304036484920606720
1446136997018431494,2347940717
1246004181372211202,849369122324566018
1080844782,43611815
1080844782,3265321562
76842602,1309762062
748453510048518145,774510439824822273
18982486,804582780298412032
2248919634,2290125115
284602545,920332104541466624
191807697,1217922136343490576
19739126,1921951394
486834536,1921951394
2826266724,1359093421
48992513,20479891
1108565574,3270007519
1098819491780153345,267498657
270195321,3719799136
1268223690480615424,919965874311782400
769702230,978776569916284928
189868631,850343119451299841
29447428,728273994
227531567,1239206834193326085
1169278342543097856,746833826014437380
738806388,229900964
3131144855,79813585
2328175742,183559852
572080560,849904062
1456000176779300873,1270133776748855304
1422044577079377924,713366495527481344
385162111,85693971
2876041031,1485579898496376842
949910864773095425,2507342209
1280478731874848769,940778288871542786
866010939916775425,1084253460
1422044577079377924,1428424784396783616
1169222736272646144,49652957
19739126,1921951394
15580900,561558519
19080151,249552678
3160248614,738145794
98471035,1033084441697153024
1058807868,17758367
35787166,922464867436593153
117576644,30533818
20610385,91970211
15862891,1151232104052736000
16185413,1473751796027998213
19739126,1921951394
145499533,29269689
1224098095325241345,956209593398546433
931934652490829824,898317114754334721
1247612029,39143124
1247612029,1333774146807980033
1230463969,948961748261810176
166985027,948961748261810176
4847284319,993134676180127744
18831926,844852386
20995648,995789645354070021
15554922,1849478558
1237314642583658496,1269217886058549248
352816495,792793633468669953
243413063,30446336
17027632,1451699962090196993
889522784916910080,940778288871542786
140252240,1105735643135537152
1430225525918871553,19913106
1431065187730305026,42906876
19739126,1921951394
1247612029,20403317
59150150,754779907297804288
152656121,115393565
44302241,1220663127601057792
1067016944174460928,94270652
1067016944174460928,244942206
112934639,1208748480589484032
1172535926209298432,130605003
27004298,739727105940946944
49151622,828337737388285952
1113341312,338219529
1471037967926018051,1473093411691372551
4043106914,1249588897547300864
753163541411049474,339611202
3453306553,949134972547248129
4725383142,84440344
1259161086,3098436206
947924373029171200,737049250366820356
249459003,904408999
1271163370717265927,440916146
333631087,16450391
866065134,827595164961140737
288277167,289186412
771408483342282753,2713628120
2809959174,305325817
246939630,117535296
36372343,281597195
45840174,919965874311782400
44513878,29071845
64702445,1465358280012804097
19739126,1921951394
26217297,1456312759012954115
2338811370,570340214
507682449,448692159
1219566773298532352,2429046650
1117704370630455296,1305795361336770560
1117704370630455296,1144763809225203712
1325718056539049984,1219566773298532352
1325718056539049984,1290232189615894531
824903725,80706659
1351759713982050306,935312564149465088
7768402,1921951394
52770751,1345510355603099648
1471174998668812299,810496768047808513
42836999,22616336
1116419370601865217,1358915795242393600
297688038,578601744
22249836,380910579
22020109,234922173
35787166,2706903578
1189799454506799104,1202415019771584512
1189799454506799104,819873531160731649
1189799454506799104,1967958770
16675569,603951538
957396820237234176,3163148070
66917778,9707492
1309417499398746112,173672963
20172153,3342600166
2809959174,2173378878
782697135007338496,1438328912732381188
18573284,769549979769671680
144989647,1355187008352739331
3114810541,1967815650
60597469,1318082829197168640
21525682,20821069
2159127566,1309814523075923968
292053511,2811840943
1096205507348623360,246667561
38576013,19370499
38576013,84174241
139109800,344185586
2986235404,1375127026840039424
69080476,960468963007385601
838464523,3103857701
709863948686909441,1257158389
3303457302,1034875037877186560
1539978391,2759432754
820452522494226433,729804032
1321935792416149505,803320111503462400
973974975014146053,28627016
29447428,94350709
817923454456373249,1270133776748855304
491867385,710010726
71726298,635032365
2472134791,91434962
1479291505650978817,804582780298412032
867194634736472067,2905260526
142640919,1387010761994682371
796432481289437184,233886065
1237314642583658496,899697150380134400
1258877266513313795,940778288871542786
67805368,2536457582
1231969046171734017,134194950
21525682,997519418492993537
323344020,17236048
1349149096909668363,2453660160
226295119,4909987960
23281108,847899028826144768
23281108,26792380
1020963265969573888,56154457
2214412979,351484606
224568664,1257158389
225779417,1190788202736435200
711606778606297088,1668237438
807865098,1226364937
14247236,96648433
195808903,2813049204
11134252,1418535365887987712
117810351,1312166469891813376
825062760954355713,940778288871542786
1312166469891813376,925385771112071169
1094971056358637568,21489341
1400013985202704385,728273994
45379403,21489341
40426726,167610475
16286419,2604801729
159021888,1233276322803138561
353365146,451260166
26217297,1265453530418237441
139328853,2412307836
92932981,1018660693
92932981,8619542
92932981,2921282954
1475584734705033216,1387010761994682371
527445533,1420351245819207681
926164634570067968,822591807821381635
1158193640,95620187
436318012,859234990340546560
1029612428026204160,3005691210
1370118821936312320,1387010761994682371
180797277,1305409038
593289567,35636271
3453306553,1329590133264326656
29447428,94350709
463214687,1669082978
26217297,2447463596
3453306553,416950760
1296279134079823872,708381986281291776
917442644,1296279134079823872
48624704,612440918
48624704,1309762062
48624704,1335413170572128259
117052405,1254054380548038656
1401334091845357570,2657412780
269788397,4838140174
2441666255,234943964
102707504,1257158389
1009577803304656896,822591807821381635
2461924214,1435870562480427015
225796043,1363558112498749441
981425370,475063210
1358064335415877635,1617921176
342863309,1392950168
3453306553,90107770
3014537423,2202236205
172229930,1432718544916164613
145499533,17624477
145499533,1363451211890876416
339724344,171204118
568188135,48343373
2615581908,556601571
1455455122192994305,1239947878740656130
284590933,1288710201240178688
212621119,332055899
462021312,51001054
21525682,494701047
18925120,789050904
631540093,1205246685569540097
1287918892761755649,881708118903726080
1221462414744596483,1921951394
35237385,459980306
1141406420815896576,22255244
1467232988,1438629035332964359
29447428,364478729
26217297,1210233737356730368
14362766,1366341380772147202
17094311,196802928
803780370,551507199
19739126,1921951394
4043106914,22344763
95091601,84174241
926005149104988160,761819600568717312
3453306553,761819600568717312
1240407498,401788588
17354805,1208293000511574017
1009900083402461185,1318639282899341321
1659140850,1362805552162701314
1098819491780153345,813314931147816960
2353605901,937899468585828352
2353605901,937899468585828352
1018340810,251622947
1271162030393896968,1160600256490328065
26217297,252553444
86626845,1422338138727358465
26217297,785154746818633728
2980236053,15480566
1110389035174948864,2314656883
701844034755633157,788835278085578752
1178452608794726401,18082945
2847815166,1427453911070347267
26562883,614600545
88589013,29431996
30844417,5439842
241150512,1102381474228056064
15250661,29420301
159021888,1017039921255624705
90982300,486027045
46926921,1387010761994682371
1387010761994682371,793520017
1473485044018601984,1387010761994682371
1473485044018601984,1387010761994682371
1238370241169616897,190154112
866065134,51973943
56419640,18788038
141376286,804582780298412032
2542032578,742732369497587712
586291040,15085192
22187085,2430547590
46678624,1024047313017290752
266032035,1161156626671423488
1462548977367359490,975084801253396480
1136974346566680577,2905260526
2196799850,18207725
542560242,1124136055668535296
4725383142,1381717490124816386
878284831,335600262
769962319,1367348957958012930
2809959174,80471236
788532504626012160,722045213301051392
212735740,1169989273468190728
1427156123690446849,353140801
23471698,1387010761994682371
1268223690480615424,708800580995522560
189406309,2809579420
26217297,76941017
467726691,320014945
2768501,1245485014751408130
1227537493395939333,1446246843868803096
185684272,1396548314095517696
26217297,76941017
1354494993218613251,842185242807042048
1210213363,44153291
833988769,1454928205
2601869406,972678104
17027632,805372752
271445418,2202236205
93880122,2732470025
26217297,874148114399154176
1095050114027016192,822591807821381635
29447428,2328730903
1309417499398746112,21489341
1240461453854998530,911360726526189569
1012396774751907841,1240682348120866816
102466223,1166799265806503936
1156869775584190464,811704294743359493
24752038,349860257
30844417,87358629
14892665,713761799103971331
1108565574,2549616986
985749294,22671315
4878610324,1261645162939330560
2605334749,1476701921893257236
291414445,2296411899
964307489704546309,179744495
21525682,253641379
79402753,1456025947719622661
1487524111832150017,1071164794563166209
3453306553,468161947
1476701921893257236,1387010761994682371
64107618,93949528
1238583088998830081,2423537112
3453306553,2475034094
368240745,1354551453260591108
20052899,1458422928366874624
1450183437663543302,1271405810346799104
14247236,788106950160609280
371510063,1462546020626321410
1228268170126991360,4011399389
825922405453402115,1361496222301757444
2368124492,713761799103971331
254949579,1240682348120866816
2809959174,713133920968159232
1284305974925262848,29969762
1420863242054864898,713761799103971331
1457817932772220928,88820794
1252251742101663744,1476701921893257236
384233102,1248772656435871744
1104524508709441536,1387010761994682371
1062026032771989505,1199101727703744512
19058678,218674455
39501483,811704294743359493
412548718,138498185
29447428,94350709
61183568,813417041394880512
1130042420,1021192197914464257
1387010761994682371,1476701921893257236
250325731,1476701921893257236
274831602,948961748261810176
42343812,2190845846
288755234,160244947
43633246,1221649643190341632
2561429863,906530576445984769
188136549,922294461186453504
3690146477,1497253771
1012426446,713761799103971331
33135872,713761799103971331
1251912071438110720,713761799103971331
214213512,2809313884
459872442,105327432
1163615564545372161,4830874006
140315951,1259161086
1095523459877068800,267498657
1095523459877068800,1297471014389944322
279777404,1313284951752597504
1060338999611420672,896989600798826498
41438148,2264401871
459390022,1387010761994682371
65357102,332080277
65357102,1284146730
102104262,804782370918461440
862621140795117568,1470628561631334402
16503453,900733668779544578
17227307,940778288871542786
270132611,7777302
1163992520252153857,87983041
324555383,1269990092
48624704,232187050
1369225110146588672,1441181995682332673
1376373064875659270,1478220060
22703645,51241418
1349149096909668363,919667724535648262
15480566,1225382429080391680
34247411,1189870353172123648
234694571,1038106141732089857
302984766,4326463994
14795451,1387010761994682371
29447428,94350709
843433646962999296,1270133776748855304
1005846500583321601,797406769
14700117,71491041
548384458,3670614857
3131144855,20061144
48325671,3928989554
467726691,51241418
349816997,898231845925646336
981425370,2300453384
372536101,4635379238
19084896,1379972530463776770
874916178,2372317417
70435999,218491913
2227646515,1362322526118969346
714460503289028608,1156038524682035200
1543986138,23006008
39344374,3235749702
738080573365702657,78350550
1068701541979185155,18760393
256552189,1028022611324747776
870629200348274688,2342573012
2964606814,965175812520644614
41038352,52394367
117810351,1240682348120866816
1143296723638337536,1369880235064258571
1317580765522202624,1478709129074069511
4118285112,2340315002
863538430575353858,1476789450999017485
1005846500583321601,1364615480124846086
240462058,578601744
378197959,1398779106217631744
1558406653,21489341
455684839,42142250
2885493519,581375677
2885493519,738786290313920513
2885493519,2448649162
2885493519,1221462414744596483
2955863289,24711879
160856325,7.66136E+17
1005846500583321601,1020789978639536128
1480071384600485889,1303360753592938496
203386661,27379820
90732175,155930120
1372149804143288322,1573800344
1372149804143288322,1573800344
21976616,826845227315032065
21215254,1308267623327518725
76842602,582414351
868673067223887872,23452847
1094971056358637568,1301352799960145924
216477773,1300619672916824065
725076563302174720,1385142120
71048726,1308267623327518725
1363482355114119168,1240682348120866816
2889557075,14594816
20751145,804582780298412032
1168793622248067072,268794479
1168793622248067072,317340647
1705200379,87407427
1340459634,922602722
409824643,821668175494451203
426909329,976948534053343233
816260792098000896,286991796
47884069,1401861298233647106
872615153065275392,366498596
25653301,1051032951708889088
1160150106018070528,774510439824822273
308321267,2475111816
1244795359097958401,1120952978393849856
2608740770,1248772656435871744
1062941830680010752,1055628087025520640
799047255378391040,2220802110
950215424981028864,752222360
15740776,1183047073580703744
1120633726478823425,2876041031
14680530,310346296
149522272,3598044795
3383159573,1132012546637090816
368240745,335240330
1260515654811242498,881886431735631874
1120633726478823425,1282677931987406848
69181624,1484914062077186048
3453306553,727843939634421766
1484914062077186048,343726638
1260515654811242498,132345466
3833059037,1175393730054017024
47215171,1099803821407199233
1564890853,1007560450748354560
98471035,823191621349101568
1120633726478823425,839734220620722176
1120633726478823425,1332768779449761793
1120633726478823425,1497303587260715014
1891490382,1489800685046669314
1216789842,25407389
342863309,831159630172680195
1267462011153195009,863480987417817090
20255118,1325181747978526722
782313907,1265690636302180357
138037459,1447874925440688133
1120633726478823425,2386246513
1503476155,991324136856346626
164932283,158123632
15801906,977796337151307776
84083187,1143105379418759168
732521058507620356,752532893587558400
1113341312,1318333892265324545
362144301,228686553
1377330715445104644,1358819872545857546
1462548977367359490,757082022204538880
218975278,14123181
1238583088998830081,432263329
2885493519,1379013583074394112
1161259317322035200,301153757
111163466,578601744
1462548977367359490,1082334406751252480
20559705,811362755861061632
20559705,555857498
15801906,2371064395
2775354102,73050826
1340093943879512065,874258472
3453306553,90107770
18831926,798711382044708864
1238583088998830081,1083495635561541632
48508532,833480592813617152
878284831,2933782246
51323915,950861076
2885493519,1349922686898724864
1339166129110065152,3221117109
46822887,531618878
213057317,4830874006
68991446,1489763667918798848
1387010761994682371,4830874006
1387010761994682371,4830874006
4361001253,369164013
163018653,1417944725068386309
257690350,1376861391957733380
1492574423290990595,1240682348120866816
1492574423290990595,1240682348120866816
518254771,635701556
341106480,921243130262728704
21525682,997519418492993537
1957610664,449415912
1262456293157003272,825230340704735232
193128427,269188684
3827830753,937899468585828352
19084896,1136929287011880961
963938472,4480118843
801997428,267377062
20995648,200511006
707967655031005186,2751873404
22129280,874258472
145476250,3024893962
262219168,2951601697
19638751,2346909206
22619344,1387010761994682371
380648579,2942274771
556519575,3835084227
1364639441604800513,1969346438
22187085,1024179554
3383159573,416690954
19043121,1314747257397211137
880412538625810432,976948534053343233
4216062853,1401861298233647106
1334688905929613312,940778288871542786
519388948,62473360
14293310,22085981
846454000585244672,908133204569346048
1483388011371016195,2410876825
153810519,15745368
349816997,1486122222699876355
1134617890735448069,32578044
1280478731874848769,433728338
14106476,3038078693
151257881,3656850915
1157395568135557120,1272339251070468096
1247223374717296647,204660244
61731614,93946973
35157660,602854345
242555999,216449581
1443095900855881731,2931753511
2421067430,2951742165
14247236,713839291210792960
333246743,467730106
1652177576,449864075
1238583088998830081,531618878
848531798,1573943426
886398296146706432,531618878
15801906,2876041031
956250134786002944,45804847
96529840,885428494037123076
1280478731874848769,1346847727536238595
919965874311782400,104208920
582414351,8.82854E+17
793331593,1248772656435871744
1098819491780153345,1290232189615894531
793331593,90107770
1264995750317965312,823541330
938494109844729856,2264401871
2253993151,1969346438
793331593,1089045346242576385
614600545,775705831887077376
28370738,978947769888116736
19739126,1921951394
11856892,1450006598
368240745,1516235004
1080584229510172678,1167220466597138432
20675681,895118100
48624704,943210460
873135988440223745,1349922686898724864
2522916284,41438148
262219168,1332768934383263745
1073606435580325889,1387010761994682371
76842602,403796945
134890715,825640340958957569
357090058,1096443838653218816
1120633726478823425,99151115
16895540,2209106522
786309892990574592,2731072181
239806318,29511425
311340010,270921976
246939630,1059580074155012097
1262322182161481728,829512864809549824
22650211,1915033663
1285416100541407232,1446633879146729474
454099919,1017962856
19268706,39143124
22317663,334266988
3453306553,984232716651511808
3453306553,183024552
3453306553,183024552
406842374,264378200
3453306553,183024552
3453306553,183024552
3453306553,183024552
3453306553,183024552
1462548977367359490,2951601697
1222773302441148416,35846837
1387802155810271239,1387010761994682371
751283435382067202,263607988
1891490382,1451703125212123145
12034642,246667561
473022390,1387010761994682371
820452522494226433,4491531140
519321215,104865001
21575717,1036816881347219457
1866938882,1339515560
1125044084907892737,1498743557607366659
27493883,2876041031
1866938882,802649176299466752
193941067,4919154620
1456008647977275392,2692420788
2825412526,29447428
939697315379646465,1387010761994682371
630995607,275305372
193941067,4919154620
2425571623,2189056412
2425571623,960187993
1387010761994682371,811704294743359493
1433796855960424463,2393261827
20405787,1333273132547751936
32871086,1130046320184446976
1497304735887638530,1489697253631557632
1277653859301801984,2924464069
870645098748497921,1479777228951011334
58436094,500048680
52418188,1120467401168965633
3453306553,552543142
19934731,2331808090
1004270117298102273,16185879
711608180535640064,1210233737356730368
711608180535640064,935883301
1471037967926018051,1403376337063235588
90870968,25434641
3192252407,805077676092489728
711608180535640064,845793138321113088
701750402786717696,17578329
1187808818522030080,1440665019419480064
16827148,97734871
90732175,4280220914
17895820,267377062
3453306553,1573800344
20559705,84174241
3453306553,1573800344
160952087,962773563106263046
17137628,215899949
3453306553,1395904932113383425
780615150856310785,1235584294111850496
24827393,1484563799264870400
16040748,1484563799264870400
14541472,1195126426959319040
215899949,2224624532
1359532099,4018888580
342863309,829834513320726530
711608180535640064,582850891
1095501036251504641,1187384102351200256
2809959174,713133920968159232
1462548977367359490,1497267347563982853
624964763,904408999
2809959174,1101913766
1005846500583321601,22875032
58974496,2880610310
1031332700324540417,940778288871542786
1115826452715511809,2478503575
1098819491780153345,1290232189615894531
1238949674989416449,971011334920900609
924530346514964480,2295819507
7587032,4757894056
1019565941015875585,1269967012471717894
17479606,1174639256863510530
166071271,341330045
345275528,911720044056387584
1857948524,155930120
792054557501038592,356447941
1349005125277331459,850343119451299841
130120037,17571514
4691437897,866218749992587264
20052899,1416846409865867267
67805368,963921191084929024
864030687120281602,268424186
1494087547529666564,1341124283666329600
53963427,1227930246
2951027582,2681771034
33680887,3327669647
1240645212977934337,1065217978235592704
422971305,968854355058229248
984199530567667712,1252988129708929024
720139699,1448823805
197554405,763937394
1044582346400264193,2422998067
21258337,1141091364974678016
1472410607689347073,1421353072710889473
1640929196,961105574
1280478731874848769,1428509556301197312
722242009,2683210415
1355590891,1414977588
828107509,864809091612520448
19599446,2963383468
232043721,1349869653816823813
47747074,164554364
819994707061248001,178494883
20052899,19019465
1392444458990440449,1497626612862496779
78905469,1027379881
65357102,1384053916690571264
1344007696555663360,841968137373421568
86626845,2926505202
1037028403734446080,711351010
818893114979061761,51241418
1296104131501993990,2375183011
1225382429080391680,26973844
2876041031,2249409116
36065127,137117565
905645454,1082334406751252480
153151272,1099390247534759938
61177115,978947769888116736
1462548977367359490,975665886286753792
243525545,215899949
62513246,461140983
1267462011153195009,884109059242250240
1462548977367359490,2828664616
404365807,991324136856346626
843433646962999296,1270133776748855304
95314534,1145583386737676289
86626845,732217064237207552
888183349864476672,47415847
45379403,1240682348120866816
105399709,1498743557607366659
454099919,213801168
1025965232307560449,272036325
70315912,25339267
630995607,1497188312620089349
184216437,1397630402
2688537468,1004484314
356546958,745699859169165312
262219168,980751310642233345
15220768,561487220
2799946720,1389498948109352963
26637348,775482843191398401
1015288783418388481,1227328613877506048
17477864,594490204
3223426134,2370753746
2317351705,20449751
1108565574,1347379934373662721
57937201,259973639
1238370241169616897,292243085
1173882011007643648,1248772656435871744
1266006636000358402,2620578761
1484389512,15096041
536904693,516731926
50614210,1248772656435871744
571138490,24897046
44580409,1051425060152627201
238803978,3093146455
886398296146706432,1326887986856939520
1168968080690749441,703626110
22187085,1194801500498931712
215969265,1498743557607366659
790586865107599360,2365160321
1406177051996876800,1075147268
91674408,1498743557607366659
1383272101,16586417
878284831,51241418
1155845777039810560,1132485474
438111039,1309214417100386304
71048726,1440397840186953738
8344522,47363493
25723601,2545160880
1499537155806593032,1248772656435871744
170280910,2646233443
25723601,44096053
1119872518494416897,1248772656435871744
163018653,1325399345995374592
211371719,2783538092
262219168,1300371127127085057
18831926,1094971056358637568
1330521007250165768,2202236205
27282113,18549385
39615521,590435189
1344256277518692354,1081484761934319623
3453306553,1573800344
3453306553,1573800344
1003107003693137921,486834536
780546876391067648,1355917827052457987
23951122,276233894
1225696320,835858610810925056
1340093943879512065,1308423406749200384
189305014,4888868884
1494582293331349506,1240682348120866816
1495480590572961792,912232086211371008
299106111,435279193
1190453118,1252766881968160774
722242009,95766237
1471037967926018051,1461182536604860417
2980236053,732736108061020161
2713968041,226150204
45379403,1240682348120866816
977204844,1436479905450004482
1344356576786866176,279390084
467726691,700359998
29447428,517105402
1296279134079823872,1403909678975778820
49075940,978947769888116736
1278401163373707267,421495337
1323495003604226048,1240937077258117120
868673067223887872,1954432309
3108351,1053005284044500992
508132071,524941932
3453306553,32669068
3453306553,105613985
938494109844729856,2264401871
1278401163373707267,1093555979361415168
1335983975613939712,2589820362
1335983975613939712,1497454353090809860
203123011,1163579842899709953
1335983975613939712,1497454353090809860
21525682,1443349716943572995
19477583,1210233737356730368
1335983975613939712,41719739
1280478731874848769,1231420045
45379403,1240682348120866816
29447428,517105402
850507814023942144,1478498850138570755
1031000589054828544,1089045346242576385
1090632578632241152,313006206
1238949674989416449,1267649650682523648
3030063311,17129384
16967845,1099390247534759938
14281853,419927046
1010384732759252997,3110077936
3095991935,1467925790096388098
34743251,2439103317
64643056,200859598
170280910,1240682348120866816
518660800,107115849
493714995,253316481
34247411,4757894056
263498163,29316011
1359532099,4601931155
29447428,517105402
1108565574,246070116
711750460932141056,1496774516
1105659718528262144,1414977588
14569869,168654728
1496668119749648384,1446650069910835203
1089160542865014784,1408737872
1670445650,1498743557607366659
18549724,14496536
175989309,460632677
1305405934164824064,1297471014389944322
1196226398760779776,2908699057
116228328,2683210415
116228328,1303741215519780867
1298372735383605249,1246903329642471430
870629200348274688,163099660
823668549856002048,1125443593085358082
16827148,1214879835375448064
21443029,2400916699
29447428,517105402
1090179417056268289,2517041226
1292671256865587200,16996451
35787166,892503488193855488
16996451,1369160185315430402
1055333908760420352,2593875620
1238583088998830081,898231845925646336
27212119,435188926
1392444458990440449,1299302634461868032
796839329368866817,2202236205
1348317661445451777,1.34861E+18
21525682,1493774877198749699
3282955777,1427453911070347267
967859267352059911,1387010761994682371
342187925,2426002789
939486738543796224,1135201390404542464
938494109844729856,41438148
1268223690480615424,1173501470345445376
116502194,3894003321
1238370241169616897,68396377
843433646962999296,1270133776748855304
605153786,760219193195302912
605153786,301352485
605153786,795138728218021889
1088371662108676096,1217922136343490576
796424923824746497,949679084
846454000585244672,458754276
288277167,1219694667694006273
1380949455780859909,1219745366960230400
139109800,18053163
242355547,4068090275
372536101,197880158
14260960,1325274987368869888
3380282686,1449753135791190016
65566588,1345510355603099648
3383159573,1240682348120866816
916333748819341314,131789595
3453306553,1236491189492174848
1187075381725220869,1160263164078022656
41218263,2788823296
198296897,1309762062
1679672582,1194493809763213312
1238848104968810497,1297471014389944322
22799257,1502899128124203013
262219168,1291502143342510082
1237314642583658496,851051040
2613791900,1387010761994682371
1306159735,1406220117638266880
14135350,1470924480797106183
1036725216699998209,1294199740985376770
23022687,1692427820
1085134428953821184,61177115
15740776,825405072502902784
1249982359,51241418
1249982359,758114193895665664
40316065,904408999
1474684988821950465,289273038
845201789603368962,3029686011
2615581908,1317697028873281538
18999969,155930120
36711022,800148535899324416
64483444,1086778207939031040
58436094,4264297743
746264882,219652469
297100174,747901684282703876
1046745148703608832,3647091072
138089850,1240682348120866816
138089850,1240682348120866816
62576309,996373477660741633
520724783,814813830
2985479932,1008340728114601984
281376874,1077703279218282497
2977083957,2690515189
1496989477817839622,1373289371143577602
302189804,1300619672916824065
255369151,1333273132547751936
520724783,1204423117311029248
58974496,736393287678853122
745354130554818560,37853509
1480493394363392004,21489341
1098451166306824193,2608740770
1308292444883005441,1498743557607366659
1392058501732704263,1240682348120866816
2553418813,281387770
1139297142630178816,864663235923820545
2845989689,23452847
1201953403099893760,965591988786446338
444179398,1391589074834759682
3253989290,859541565508734976
21167611,2165292985
2561718665,147401660
1476149306549837831,1463624518111481866
243413063,16219502
757832485,347120386
956137933248937985,25275979
19362341,1434977093247545350
213245607,881517449144918016
1238583088998830081,1111339958852308994
20973388,1095104382700605442
848148994102611969,940778288871542786
1183503749660205056,904408999
904408999,252772954
582155655,873215206935191552
19899980,1442519346912239616
3856305322,272196949
747885404,715844061190598656
1367553884038782980,22875032
210892156,940778288871542786
811229675758505984,1371130224595898373
1487821293609181187,1351328967672918020
1120633726478823425,887052266741616640
310746442,1185532946473721856
76842602,1131654730579554306
1120633726478823425,579287636
1012834826896826369,2202236205
1577442662,1387010761994682371
39155029,17243913
15012486,18831926
722528529716383744,17578329
561700183,1349869653816823813
21525682,40931023
25816369,1278236816936710144
1113898497357623296,1052522228
878284831,2402210804
25960714,1404198121
255369151,779833230
18178850,1412897313907900420
478276937,813689415029506048
478276937,130678087
1387010761994682371,4830874006
1387010761994682371,4830874006
1487664232023957511,4830874006
278145569,781701900
435232010,1006967125754331136
21258337,1223384444633067521
453124512,1010320666648645632
1421835080813666306,37338552
1142690226218946560,913320383528538112
390377012,21131522
879147821915615233,1067968702400876544
327436641,1480575264631537669
16606569,827938295975866368
1460378795102269441,353365146
3695759352,1380949455780859909
1902163488,23452847
1032523656818294784,989410325022863362
588732151,3015305734
159021888,84174241
307755781,1293837794771496963
817086280597209089,2264401871
57181602,1106888451771654145
525812268,1212167752569327616
406842374,1169257805993455616
47475039,725845441229774849
754635115368685568,1047223128303308801
878284831,934181338793562112
759481842814726144,746377806754394116
1212560564225900544,1481748163254165505
7589742,1456666722707165187
926164634570067968,26805539
2840668198,839990047764017153
60779696,84174241
307755781,2448742807
25178222,327654834
27933405,1565032478
1367057849738661888,112155894
161704026,1048818249637552128
1108565574,1190491625526448130
92759618,960468963007385601
45379403,1240682348120866816
1205226529455632385,1235988756462780416
1264589105113042952,1277324748301766658
1540529606,1175070207007760385
528674835,4264297743
1459728480111894535,954348379
210732612,1375846488031432705
1172545640360022019,213801168
41378381,216767555
1121804148377362432,1135997501759262720
96287858,1106282862251331584
14298769,773570120132202497
873135988440223745,2218000892
797179922087297024,900733668779544578
234128524,1262136947155316737
262219168,84146348
1462548977367359490,829855036372979712
36012258,974570473567633408
29455588,708130060738306049
1796057425,1212560564225900544
3453306553,1557320480
29447428,94350709
151387046,454368075
103512187,1573800344
879147821915615233,1219836531449290753
15392486,1084553456361369607
254515782,61348039
21619519,88869834
119829799,1496969408664662037
1295064923685310464,88661109
63942152,1333273132547751936
12588712,184106499
560165933,1208293000511574017
40801529,827843955106516992
18004222,3106186180
1462548977367359490,1325188311242186752
355911954,23452847
14260960,155930120
506216849,3168944977
2461810448,906944118483382273
977204844,487686623
304679484,888417978559078400
279097431,456361587
105327432,39982410
40801529,1214085469736075264
147050008,184282465
3264938916,51971452
1124001618096160770,1564064058
1240682348120866816,1125443593085358082
16213404,709358581116575744
3453306553,761819600568717312
612473,267377062
211994193,1102968375284776965
1238949674989416449,1494582293331349506
1210498529325539328,1401861298233647106
2615581908,60779696
147734164,2224624532
3342600166,1387010761994682371
1570801196,302984766
221706364,578601744
467726691,1354107559964073984
44196397,1387010761994682371
1271714653,267377062
1276467165802176513,1125443593085358082
163018653,1253892943544381440
1480833851328892931,746377806754394116
1268223690480615424,2432830728
1206472297336324097,3246790436
3896850852,3246790436
3832,1412897313907900420
352754946,1208293000511574017
243013409,271947041
1321935792416149505,2891451417
490002009,913835190572670976
62306952,2217403956
352754946,2943739141
71744371,1255942372380180486
960143858024595456,1573800344
1278236816936710144,29447428
1159682513947652096,3310125162
1490752401619537923,1488460177363939333
59159771,578601744
1268223690480615424,1305523968137457664
256717934,94350709
93880122,1446484946294644739
305848643,2248919634
416025003,3298227152
416025003,1362805552162701314
22803269,867343717
288277167,18184205
32871086,746377806754394116
897515348085190656,26775504
129895929,1427453911070347267
95399839,1350685161793310722
938494109844729856,817086280597209089
718492074492968960,351089434
111556423,233886065
165660881,871240626116804611
165660881,2615581908
424624761,1315921093
2783540131,3220242956
18990782,1318953209373839362
1640929196,2739667932
1009577803304656896,1261338980567613441
2783540131,1645345628
86010091,34336977
2236956066,2943739141
1094713876132872192,212445456
1268223690480615424,913891656784662530
84035041,3306382727
41438148,817086280597209089
1349154719386775552,869290350715715584
18831926,886032877011558400
2615581908,1309762062
774195721000087552,2396188842
2615581908,14721982
204273771,1645345628
2393001308,36706851
45379403,1243679597729910786
13340732,1063496888765374469
795843492790444032,940778288871542786
1330859882040463362,329305241
995436724493807616,22603674
22603674,995436724493807616
995436724493807616,22603674
92932981,1368100356
2537386628,1117244238247280640
1460176204363972613,329305241
1218721688738615297,922294461186453504
1218721688738615297,922294461186453504
1218721688738615297,922294461186453504
429531188,1103850667
466198757,2964161673
24913074,822591807821381635
539833719,1400974786126225409
167281867,1371593989795684354
3453306553,1214489977762959362
3453306553,1573800344
791638976,302984766
302984766,1223440073330429952
34116377,60779696
1460176204363972613,329305241
64643056,944149608992854017
396044297,1308267623327518725
40068395,2615581908
870629200348274688,287675386
1163992520252153857,1134546351956615168
605153786,731874217
1314122647341608961,29447428
29447428,94350709
1472840303564537858,1013465243635408897
2912548273,531945177
506216849,1237784449611231232
1113341312,112155894
618625439,1004694289
29447428,22448617
786747937883906049,804582780298412032
2569219368,2412307836
175222900,37940975
1387802155810271239,1083051676922273792
3453306553,1493422299462402052
7587032,903339238032322561
3131144855,1222196905947680768
1238370241169616897,1128538846130401285
1505993402,94350709
7587032,2968186857
1460176204363972613,1381854660106010626
945693405694357504,732736108061020161
160856325,966513420446003200
892377658847350786,2919548734
2768501,352754946
3453306553,284475942
2899264434,1353951913650266113
1266006636000358402,904206913889554432
2827865725,515377496
20742888,84174241
1659140850,721139965
1456329377634205696,19527910
1237053825967697920,20600204
2184934963,19667628
118074508,740583951887044608
1227354200687960071,4830874006
9609622,1125425563076710401
1387010761994682371,4830874006
18147014,379518072
95091601,400495760
400495760,28690225
95091601,17698525
9609622,932807688815120384
1508153870773415939,1444503111767404550
49698134,2193135944
996359407939174401,60779696
3453306553,761819600568717312
21128334,60779696
9609622,60866631
1250239723,94350709
1341233976434782210,1119872518494416897
171437375,180596658
1238370241169616897,307823204
1238370241169616897,1344762633786822658
60779696,288702257
171876607,1708562239
14085096,2473900885
14157134,726070073081868289
211994193,796845382152163328
1064912412736917504,20607434
1917731,826226272418283520
938494109844729856,817086280597209089
14707794,60779696
2631724298,877968869138329601
29447428,94350709
2615581908,249524923
1478162558276157443,800262170
1333969328006283264,148683377
26361656,1448500687516495877
800463336630403072,26775504
74478487,35636271
177437962,761819600568717312
1064312869414678528,1387010761994682371
275455326,1336929872913035264
1046558381211897856,12412802
707967655031005186,1105502811800915968
832616065259614209,940778288871542786
26668729,17887465
614600545,2524207025
231896114,27773430
66917778,470797902
66917778,1213233837393604608
19761742,1573800344
707967655031005186,2592842778
20995648,1474726309
1512414846951825408,224233034
32871086,2372317417
900021957424447488,1387010761994682371
1411285883731562497,18602971
1122911018412150787,1104045001321926656
3453306553,90107770
1326415020,500271953
1494031609217048579,826226272418283520
234694571,95620187
1268223690480615424,47003347
233343317,232187050
225779417,783655217170554880
1060440219097423872,255812611
29447428,94350709
1421835080813666306,1443330719250632709
3453306553,90107770
92932981,428944666
143159404,3304320810
958729147408310272,921243130262728704
860654500431880192,1458057895
271075882,457743272
1457520402545086468,823287122631102464
254515782,84174241
700637412,1294935649
927734790517694464,22133083
926019424154349568,3310125162
1498445304685002753,2412223020
2300873095,2224624532
2615581908,850099512
826631824700997633,2739667932
370033792,1506969113075277832
1563543554,1055307732226531328
312149882,940778288871542786
1146134038480064517,358283094
1337903969851613185,975806263601672192
96230203,805077676092489728
1108565574,704867245470535681
2479226604,1309762062
24299842,1426176384099971074
2608740770,1645345628
2707955850,319477370
1417952253449842692,276616900
1858680210,879051864
95766807,112155894
1497343815912333317,291862171
1116612139,783655217170554880
1238370241169616897,1323495003604226048
329305241,877968869138329601
2441666255,998825510552723456
1238370241169616897,496455154
95091601,4899639072
254515782,828561216918335489
95091601,91039220
1294741,5026541
43061739,1240661452157059072
150267476,100545608
1402677510,346173354
764187379,1573943426
1462548977367359490,1448298903216984066
1364639441604800513,49445627
50055701,1430731923685400579
80655195,39130254
95091601,925679969224634368
95091601,1373530219273875457
935116421977186304,2195475698
28943715,278760917
1306123686,1329590133264326656
4216062853,39766822
1282511778522382336,61348039
1977482286,4736578693
2457778334,996390163
29422823,351256975
107918290,517230552
711750460932141056,468161947
1326139149426941952,468161947
16832632,140085170
3988805686,291496884
1449302062081138692,848911132496723969
1006135342355959808,17684387
1238370241169616897,170600442
27153523,1185366642869460992
1238370241169616897,828561216918335489
1280478731874848769,547328022
32340937,1004894980962336768
1252708879,1669796893
1078589024686694401,112155894
519152293,635449207
239372543,351256975
795857631571156992,17267769
477934944,578601744
795857631571156992,448692159
2932460195,957655193260363778
43792125,1147308808944771072
870629200348274688,1573800344
33276161,25156861
4091551984,38232159
525707128,1152626533845966848
1087380412089987077,1187384102351200256
3030814395,2387540972
1330859882040463362,877968869138329601
21637349,1099390247534759938
795857631571156992,306616453
2542290469,473696731
924010172376260609,43477325
1238370241169616897,828561216918335489
924010172376260609,707013008812146688
3711001,1573800344
2464473097,112155894
1238370241169616897,48367770
15250661,270679223
990056731,783655217170554880
4175759465,19066475
21406457,45586702
2607006139,2962112305
1180313568358461443,592834521
1427387278045810706,1319103997060411393
969781208321331201,1027098097
735636196290756608,1295003940547895298
1314483801846771712,301153873
23477240,1429560994808926217
1029465832781492226,23161445
125488396,981516627475775489
134975165,2432830728
1436433500,980783300
2227796157,3017413487
3453306553,284475942
21525682,1265835600923357185
1511462942033723394,864890182482505728
1512372785511038979,26361656
15801906,1369880235064258571
125488396,1238149439975456769
16834659,1415875893524791298
36042554,2712537543
66917778,23422559
1695505166,1401861298233647106
1108565574,1241645810854453250
351120282,938724387125190656
883466928,524939820
615878104,3015939068
713752653289955329,14548232
2879240488,1488591891797090304
34743251,305283848
116502194,892278998
717315174731018240,3663359301
15115280,142878053
3453306553,1269018935371771904
26361656,881708118903726080
58487473,1387010761994682371
487307955,1225382429080391680
1229542513590947840,1202415019771584512
242827267,713133920968159232
759469096534704128,1591133707
818893114979061761,1298470383356608515
1104189659914162176,1289544058512252929
1020203322,2297842659
279390084,1319416912623722496
1319916075476262914,1429016867532849153
20742888,233018450
75743543,553990226
1461157250337173504,3423997089
713752653289955329,1921951394
713752653289955329,1921951394
4327127414,61344502
7790922,966740329041772544
1089151295397621760,922294461186453504
1164044033779306496,594982700
80802900,3003507631
71262814,143020085
71262814,1227740124026413056
1031000589054828544,3423997089
135317559,3423997089
938494109844729856,2264401871
1240877215274975236,23373153
24705246,1154477156958949376
2990729241,830465860825292800
1114906616011350018,950537289356099584
1137827292,29447428
22790968,390377012
117873637,1363558112498749441
255812611,2432830728
950563187296030721,977002392368680960
950563187296030721,2941201618
1031000589054828544,1881185678
2479226604,4892727759
373338732,1373530219273875457
36711022,919667724535648262
950563187296030721,1356492104235577344
490002009,1305795361336770560
490002009,1290232189615894531
442057752,761630653
1326867091333537793,208728363
1070577229787095042,1369225110146588672
1261767221669289984,294292505
37190669,15447482
1243888276123025423,2233495160
1001848891401220096,286216838
491509563,1476953095364087813
102243250,112991903
1122934522134315009,457280859
1003107003693137921,551507199
1122934522134315009,67207140
34116377,60779696
34116377,42856767
1352841335418580992,1476953095364087813
996273172985954304,18351416
742321348664557568,223981829
3453306553,1573800344
258298063,1120826803675783169
59513330,2314018987
950322380412342273,1482861078
26574283,4685821309
52770751,1010593116
1354654336689852416,1330859882040463362
1330859882040463362,1473301547891187717
53130511,2193135944
877968869138329601,1460176204363972613
25085885,16582131
1357131432804700160,18207725
987688826,1397356054770376709
17143007,94350709
3453306553,1573800344
24158979,30634288
1237314642583658496,256677596
409657315,1473144185389821953
255340030,800037745024339968
1429016867532849153,1319916075476262914
1309237180418666499,1429016867532849153
1319916075476262914,1429016867532849153
1421835080813666306,90146161
92759522,968311099064909824
1319916075476262914,1429016867532849153
14437914,87358629
14437914,1483196161401901056
18831926,1306347674929684482
14336546,232519990
342802864,1339357320
23655688,2936315827
23937894,26391380
612473,267377062
1230791643806068736,182238174
95091601,1139017108338032641
19651284,1014498961963536384
593289567,992335398943719424
1479499011895738369,1495961644949721091
929859631119323137,1479623224782737408
2608740770,3226113792
178156240,900733668779544578
983399416278040576,282273742
1482717093309124608,1305246744
1309237180418666499,329305241
820243619609243649,822506767502426116
14707794,1463263787134291970
14707794,3162249408
179986211,1519296461435027456
1344256277518692354,1185532946473721856
255812611,73537202
1348481478229848067,353365146
15801906,518521500
1382912376597479427,1016943828052336640
1320994760228704256,1498326793
808450839736184836,878772504
1015196564690743296,871676753919578112
1404252914852544512,21917756
2615581908,631850941
28213817,1686874152
616307352,371452478
729277017028337664,55737360
967027984426242053,1.32151E+18
580453937,1281628082978254852
16635277,1.32151E+18
1519279907389464577,32630870
27493883,821681572202029058
156005429,87358629
19617541,1458422928366874624
23937894,1391714455390670851
120720108,3011256515
856704654545006592,60779696
800111181058838528,2371064395
1475926675405770752,475507923
15115280,1357061886286602240
300236092,2264401871
17250666,150732990
938494109844729856,2264401871
137413599,94350709
52136185,278369814
549579841,61225261
1517251708090568707,1245425135323975680
1256102507241181190,1387010761994682371
1235696982242611200,20392809
2768501,1140438675001503747
1268223690480615424,902689690704367616
3246790436,1268023502344384513
24308172,2450985343
457060718,3314652765
17774061,855996928374341633
17774061,1293837794771496963
93880122,3065680671
1733398682,1166246597258174464
281185181,2692420788
1238370241169616897,958685436112658432
25575859,791638976
